router2-source
0.11009311676
0.110353946686
0.109716176987
0.109873056412
0.109782934189
0.109745025635
0.109930038452
0.109940052032
0.109803915024
0.109983921051
0.110296010971
0.110121011734
0.110368013382
0.110333919525
0.110425949097
0.11026597023
0.110160112381
0.110288143158
0.110323905945
0.110258102417
0.109747886658
0.109920978546
0.109716892242
0.109750032425
0.109732151031
0.109775066376
0.109789848328
0.109905004501
0.11039185524
0.110316991806
0.109951019287
0.110411882401
0.109981060028
0.110306978226
0.11012506485
0.110376834869
0.110122919083
0.110410928726
0.110352993011
0.110177993774
0.109840154648
0.110069036484
0.110320806503
0.110070943832
0.110105037689
0.110504150391
0.110085964203
0.110424995422
0.110249996185
0.110042095184
0.110337018967
0.110301017761
0.110513925552
0.110222101212
0.109966993332
0.110223054886
0.1100730896
0.110080003738
0.110201835632
0.110021114349
0.11026096344
0.110155105591
0.110409975052
0.110372066498
0.110379934311
0.109761953354
0.109889030457
0.109707117081
0.1097240448
0.109851837158
0.109741926193
0.10973405838
0.110142946243
0.110273122787
0.110362052917
0.110204935074
0.110112905502
0.110404014587
0.110131978989
0.11058306694
0.110123872757
0.110321998596
0.110038995743
0.110337972641
0.11005282402
0.110334873199
0.110467195511
0.110263109207
0.110139846802
0.110099077225
0.11035990715
0.110291004181
0.110078811646
0.110610961914
0.110096931458
0.110191822052
0.110418081284
0.110388994217
0.110256195068
0.110216856003
avg = 0.110142734051
router2-destination
0.0811150074005
0.0807909965515
0.081022977829
0.0809798240662
0.0809190273285
0.080952167511
0.0810739994049
0.0812180042267
0.0813491344452
0.0814850330353
0.0813241004944
0.081020116806
0.0809180736542
0.0814180374146
0.0811381340027
0.0811240673065
0.0813679695129
0.0815699100494
0.081059217453
0.0812659263611
0.08123087883
0.0814218521118
0.0809969902039
0.0812349319458
0.0810911655426
0.0813050270081
0.0814261436462
0.0810661315918
0.0810539722443
0.0808970928192
0.0812411308289
0.0810589790344
0.0813710689545
0.0812251567841
0.0811421871185
0.0813679695129
0.0813429355621
0.0813870429993
0.0815260410309
0.0813930034637
0.0813140869141
0.081326007843
0.0813779830933
0.0812849998474
0.0810251235962
0.0814640522003
0.0810458660126
0.081090927124
0.081414937973
0.0813519954681
0.0809910297394
0.0813391208649
0.0811550617218
0.0811269283295
0.0813388824463
0.081328868866
0.0807690620422
0.080904006958
0.0807371139526
0.0808961391449
0.0807280540466
0.0807499885559
0.0809509754181
0.0807762145996
0.0809600353241
0.0812268257141
0.0813901424408
0.0811920166016
0.0812830924988
0.0811769962311
0.0810611248016
0.0813407897949
0.081062078476
0.0811641216278
0.0811941623688
0.0811622142792
0.0813601016998
0.081346988678
0.0810449123383
0.0813660621643
0.0810689926147
0.0810899734497
0.0812768936157
0.081111907959
0.0812940597534
0.0811111927032
0.0813901424408
0.0815160274506
0.081531047821
0.0809440612793
0.0811460018158
0.0808029174805
0.0810561180115
0.0810718536377
0.0812540054321
0.0814998149872
0.0813999176025
0.0810849666595
0.0812950134277
0.0809669494629
avg = 0.0811762237549
