router1-source
0.0678210258484
0.0673959255219
0.067067861557
0.0674231052399
0.0672080516815
0.0673291683197
0.0674140453339
0.0671241283417
0.0671761035919
0.0670819282532
0.0669641494751
0.0670909881592
0.0674140453339
0.0672731399536
0.0673570632935
0.0671758651733
0.0671429634094
0.0670790672302
0.067214012146
0.0670580863953
0.0670800209045
0.0672879219055
0.06742811203
0.0671529769897
0.0672109127045
0.0675060749054
0.0672159194946
0.0671479701996
0.0674409866333
0.0672399997711
0.0672950744629
0.0673201084137
0.0673880577087
0.0667278766632
0.0667469501495
0.0667748451233
0.0667741298676
0.0666978359222
0.0667269229889
0.0667037963867
0.0668540000916
0.0672719478607
0.068000793457
0.0672950744629
0.0670509338379
0.0672249794006
0.067332983017
0.0673348903656
0.0672168731689
0.066841840744
0.0670580863953
0.067241191864
0.0671529769897
0.0670619010925
0.0670349597931
0.0669031143188
0.0670938491821
0.0672700405121
0.0671100616455
0.0669860839844
0.0674510002136
0.0674209594727
0.0671038627625
0.0669341087341
0.0673229694366
0.0673198699951
0.0674948692322
0.0671179294586
0.0671420097351
0.0674719810486
0.0670869350433
0.067006111145
0.067095041275
0.0673360824585
0.0671350955963
0.0671999454498
0.0673339366913
0.0669620037079
0.0671448707581
0.067323923111
0.0674819946289
0.0669739246368
0.0670731067657
0.0671010017395
0.0671470165253
0.0671770572662
0.0669791698456
0.0671701431274
0.0670480728149
0.0673010349274
0.0672559738159
0.0672900676727
0.0670821666718
0.0673851966858
0.0672681331635
0.0672070980072
0.0667481422424
0.0667560100555
0.0671157836914
0.0672149658203
avg = 0.067171933651
router1-destination
0.106920957565
0.10687494278
0.106848955154
0.106762886047
0.106748104095
0.106989145279
0.10672712326
0.10698390007
0.107212781906
0.107352972031
0.107266902924
0.107084989548
0.107169151306
0.107447147369
0.107237100601
0.107388973236
0.107172966003
0.107333898544
0.10710811615
0.107355117798
0.107313156128
0.106997013092
0.107136011124
0.107318878174
0.106998920441
0.106967926025
0.107214927673
0.107206106186
0.107213973999
0.10725402832
0.107218027115
0.107197999954
0.107314109802
0.107112169266
0.107144117355
0.107192993164
0.107405185699
0.107161045074
0.107422113419
0.107412815094
0.107375860214
0.107651948929
0.106734991074
0.106723070145
0.106786966324
0.106758832932
0.10698890686
0.106771945953
0.106859922409
0.106801986694
0.107372999191
0.107241868973
0.107154846191
0.107391119003
0.107143878937
0.10725903511
0.107259988785
0.107301950455
0.106803894043
0.106966972351
0.10696721077
0.107331037521
0.107089996338
0.107435941696
0.107146024704
0.107223987579
0.10723400116
0.107362985611
0.107422113419
0.106873989105
0.107004165649
0.10722899437
0.107220172882
0.107387065887
0.107341051102
0.107092857361
0.107229948044
0.107149839401
0.106899023056
0.106956005096
0.107310056686
0.106967926025
0.107033967972
0.107265949249
0.107346057892
0.107270956039
0.107344865799
0.107187986374
0.10736989975
0.106897115707
0.106952905655
0.10689997673
0.106700897217
0.106920003891
0.106868028641
0.106750965118
0.10696387291
0.107077121735
0.107439994812
0.106929063797
avg = 0.107126326561
router1-router2
0.168830871582
0.168668031693
0.168678998947
0.168985843658
0.169174909592
0.168992996216
0.168946027756
0.169104099274
0.169019937515
0.168996095657
0.168918132782
0.168699026108
0.168601036072
0.168612957001
0.168698072433
0.168715953827
0.168884992599
0.168751001358
0.168684005737
0.168720960617
0.16880106926
0.168791055679
0.16871881485
0.168741941452
0.168789863586
0.168688058853
0.168725967407
0.16877412796
0.168823003769
0.168900966644
0.168856859207
0.16864490509
0.168715953827
0.168776035309
0.168824911118
0.168786048889
0.168720960617
0.168759822845
0.168864965439
0.168756008148
0.168877840042
0.168797016144
0.168776988983
0.168745040894
0.168714046478
0.168969869614
0.168706178665
0.168967962265
0.168873071671
0.169090986252
0.168673038483
0.168843984604
0.168788194656
0.168586015701
0.16864490509
0.168606042862
0.168622016907
0.168645143509
0.168755054474
0.168787002563
0.168722867966
0.168875932693
0.168778181076
0.168748140335
0.169019937515
0.168814897537
0.168780088425
0.168771028519
0.16891503334
0.168714046478
0.168700933456
0.168898105621
0.168730974197
0.168782949448
0.168807983398
0.168772935867
0.168876171112
0.168725967407
0.16881108284
0.168798923492
0.168732881546
0.168765068054
0.16881608963
0.168792009354
0.168838977814
0.168730974197
0.168817996979
0.168796062469
0.168897867203
0.168813943863
0.168914079666
0.168761968613
0.168641090393
0.168772935867
0.16876912117
0.168673992157
0.168642997742
0.168715953827
0.168823003769
0.168873071671
avg = 0.168792519569
