router3-source
0.00109720230103
0.000702142715454
0.000977993011475
0.000700950622559
0.000525951385498
0.000665903091431
0.000710964202881
0.000666856765747
0.000705003738403
0.000963926315308
0.000861883163452
0.000746965408325
0.000626087188721
0.000849008560181
0.000881910324097
0.000786066055298
0.00105214118958
0.000792026519775
0.000758171081543
0.000736951828003
0.000799894332886
0.000740051269531
0.000568866729736
0.000674962997437
0.000724077224731
0.000792980194092
0.000809907913208
0.000743865966797
0.000808954238892
0.00084114074707
0.000914096832275
0.000846147537231
0.000839948654175
0.00104808807373
0.00128197669983
0.000807046890259
0.000859975814819
0.000679969787598
0.000725984573364
0.000750780105591
0.000746965408325
0.000745058059692
0.000722885131836
0.000702142715454
0.000843048095703
0.000787019729614
0.000736951828003
0.000693082809448
0.000779151916504
0.000653028488159
0.000718116760254
0.000595092773438
0.000694036483765
0.000693082809448
0.000750064849854
0.00068187713623
0.000988006591797
0.000908851623535
0.000768899917603
0.000629901885986
0.000785827636719
0.000789880752563
0.000842809677124
0.000715017318726
0.000704050064087
0.000933170318604
0.000787973403931
0.000926971435547
0.000906944274902
0.00105381011963
0.00100684165955
0.000967025756836
0.00080394744873
0.000969886779785
0.000908851623535
0.00109887123108
0.00106883049011
0.000984907150269
0.000869035720825
0.00099778175354
0.000838994979858
0.000955104827881
0.000818967819214
0.000807046890259
0.000909090042114
0.000792026519775
0.000923156738281
0.000852108001709
0.00129199028015
0.000555992126465
0.000818967819214
0.000932931900024
0.000951051712036
0.000772953033447
0.000967025756836
0.000797033309937
0.000745058059692
0.000822067260742
0.000863075256348
0.00074291229248
avg = 0.000821840763092
router3-destination
0.000944852828979
0.00103998184204
0.000994920730591
0.000837087631226
0.000706911087036
0.000754117965698
0.000771999359131
0.000809907913208
0.000802993774414
0.000762939453125
0.000777959823608
0.000916957855225
0.00085711479187
0.00070595741272
0.000848054885864
0.000782012939453
0.000765085220337
0.000797033309937
0.000720977783203
0.00075888633728
0.000734090805054
0.000593900680542
0.000696182250977
0.000741004943848
0.000740051269531
0.000754833221436
0.000724077224731
0.000884056091309
0.000846147537231
0.000917911529541
0.00079083442688
0.000730037689209
0.000983953475952
0.000592947006226
0.000872850418091
0.000824928283691
0.00078296661377
0.000782012939453
0.000664949417114
0.000737190246582
0.000761032104492
0.000752925872803
0.000679016113281
0.000737190246582
0.000759124755859
0.00086498260498
0.000725984573364
0.000671863555908
0.000787019729614
0.000698089599609
0.000700950622559
0.000591039657593
0.000693082809448
0.00072193145752
0.00068998336792
0.000648975372314
0.000881195068359
0.000869989395142
0.000771999359131
0.000766038894653
0.000750064849854
0.000713109970093
0.000636100769043
0.000702142715454
0.000905990600586
0.000890016555786
0.000823974609375
0.000893115997314
0.000905990600586
0.00105500221252
0.00101709365845
0.000967025756836
0.000900983810425
0.00110983848572
0.000834941864014
0.000977993011475
0.00102615356445
0.00097393989563
0.000871181488037
0.00101900100708
0.000989198684692
0.000988960266113
0.000831127166748
0.000765085220337
0.000735998153687
0.00079083442688
0.00092887878418
0.000836849212646
0.00109505653381
0.00115084648132
0.00085186958313
0.000797986984253
0.000848054885864
0.00110793113708
0.00147294998169
0.00064492225647
0.000969171524048
0.000930070877075
0.000770092010498
0.00070595741272
avg = 0.000827085971832
router3-router2
0.10594701767
0.105752229691
0.105648994446
0.105704069138
0.105648040771
0.105729818344
0.105655908585
0.105607032776
0.105600833893
0.105576992035
0.105651140213
0.105673074722
0.105633974075
0.105618953705
0.105674028397
0.105650901794
0.105684041977
0.105596065521
0.105621099472
0.10567688942
0.105652809143
0.105889081955
0.105695962906
0.105772972107
0.105753898621
0.105756998062
0.105664014816
0.105715990067
0.1055560112
0.10559296608
0.105667114258
0.105668067932
0.105777978897
0.105718135834
0.105685949326
0.105628967285
0.105611085892
0.105643033981
0.10564494133
0.105623006821
0.105705022812
0.105638980865
0.105745077133
0.105803012848
0.105978965759
0.105681180954
0.10564994812
0.105612039566
0.105700969696
0.105727910995
0.105745792389
0.105729103088
0.105646133423
0.105672121048
0.105756998062
0.105708122253
0.106071949005
0.105672836304
0.105626106262
0.105614900589
0.105899810791
0.105669975281
0.105765104294
0.105583906174
0.105693101883
0.105680942535
0.105742931366
0.10569691658
0.105660915375
0.105621099472
0.105680942535
0.105619907379
0.10560798645
0.105616092682
0.105589151382
0.105799198151
0.105741024017
0.105707168579
0.105684995651
0.105771064758
0.105715990067
0.105787038803
0.105714797974
0.105688095093
0.105921983719
0.105702877045
0.105762958527
0.105659008026
0.105655908585
0.105717897415
0.105674982071
0.10570192337
0.105764865875
0.105746030807
0.105881929398
0.105582952499
0.105695009232
0.105674982071
0.106179952621
0.10573387146
avg = 0.105703525543
